[gd_scene load_steps=14 format=2]

[ext_resource path="res://Characters/Enemies/Raw Assets/birdmonster.glb" type="PackedScene" id=1]
[ext_resource path="res://Characters/Hitbox.tscn" type="PackedScene" id=2]
[ext_resource path="res://Characters/Enemies/Monster.gd" type="Script" id=3]
[ext_resource path="res://Characters/HealthManager.tscn" type="PackedScene" id=4]
[ext_resource path="res://Characters/Character Mover.tscn" type="PackedScene" id=5]

[sub_resource type="CapsuleShape" id=1]
radius = 0.5

[sub_resource type="CapsuleShape" id=2]
radius = 0.0770389
height = 0.33885

[sub_resource type="CapsuleShape" id=4]
radius = 0.10508
height = 0.298989

[sub_resource type="CapsuleShape" id=5]
radius = 0.0840832
height = 0.232238

[sub_resource type="CapsuleShape" id=3]
radius = 0.0446065
height = 0.393985

[sub_resource type="BoxShape" id=6]
extents = Vector3( 0.196249, 0.106797, 0.0723582 )

[sub_resource type="BoxShape" id=7]
extents = Vector3( 0.165498, 0.106797, 0.352477 )

[sub_resource type="SphereShape" id=8]
radius = 0.104454

[node name="Bird Monster" type="KinematicBody"]
collision_layer = 2
collision_mask = 3
script = ExtResource( 3 )

[node name="CollisionShape" type="CollisionShape" parent="."]
transform = Transform( 1, 0, 0, 0, -4.37114e-08, 1, 0, -1, -4.37114e-08, 0, 1, 0 )
shape = SubResource( 1 )

[node name="Graphics" parent="." instance=ExtResource( 1 )]

[node name="Skeleton" parent="Graphics/Armature" index="0"]
bones/0/bound_children = [ NodePath("Hip") ]
bones/1/bound_children = [ NodePath("Body") ]
bones/2/bound_children = [ NodePath("ArmUL") ]
bones/3/bound_children = [ NodePath("ArmLL") ]
bones/4/bound_children = [ NodePath("ArmUR") ]
bones/5/bound_children = [ NodePath("ArmLR") ]
bones/6/bound_children = [ NodePath("LegUL") ]
bones/8/bound_children = [ NodePath("LegUR") ]

[node name="ArmUL" type="BoneAttachment" parent="Graphics/Armature/Skeleton" index="1"]
transform = Transform( -0.762323, 0.647196, 8.20133e-07, -0.52914, -0.623267, 0.575803, 0.372658, 0.438947, 0.817589, 0.176714, 1.48577, -0.135291 )
bone_name = "upper_arm.l"

[node name="Hitbox" parent="Graphics/Armature/Skeleton/ArmUL" instance=ExtResource( 2 )]

[node name="CollisionShape" type="CollisionShape" parent="Graphics/Armature/Skeleton/ArmUL/Hitbox"]
transform = Transform( 1, 0, 5.06639e-07, 1.49012e-08, -2.98023e-08, -0.999999, 0, 1, 0, 1.78814e-07, 0.181745, 3.57628e-07 )
shape = SubResource( 2 )

[node name="LegUL" type="BoneAttachment" parent="Graphics/Armature/Skeleton" index="2"]
transform = Transform( -0.782999, 0.14838, 0.604046, 0.0548854, -0.95086, 0.304714, 0.619573, 0.271751, 0.736382, 0.131876, 0.936301, 1.36788e-07 )
bone_name = "upperleg.l"

[node name="Hitbox" parent="Graphics/Armature/Skeleton/LegUL" instance=ExtResource( 2 )]

[node name="CollisionShape" type="CollisionShape" parent="Graphics/Armature/Skeleton/LegUL/Hitbox"]
transform = Transform( 1, 2.98023e-08, 5.06639e-07, 0, 0, -0.999999, 2.98023e-08, 1, 5.96046e-08, 0.0184335, 0.181745, 3.57628e-07 )
shape = SubResource( 4 )

[node name="LegUR" type="BoneAttachment" parent="Graphics/Armature/Skeleton" index="3"]
transform = Transform( -0.782998, -0.148381, -0.604045, -0.0548847, -0.950859, 0.304716, -0.619573, 0.271751, 0.736382, -0.131876, 0.936301, 1.36788e-07 )
bone_name = "upperleg.r"

[node name="Hitbox" parent="Graphics/Armature/Skeleton/LegUR" instance=ExtResource( 2 )]

[node name="CollisionShape" type="CollisionShape" parent="Graphics/Armature/Skeleton/LegUR/Hitbox"]
transform = Transform( 1, -1.19209e-07, 5.36442e-07, 1.49012e-08, -7.45058e-08, -0.999999, 1.78814e-07, 1, -5.96046e-08, -0.0235685, 0.181744, 4.17233e-07 )
shape = SubResource( 5 )

[node name="ArmUR" type="BoneAttachment" parent="Graphics/Armature/Skeleton" index="4"]
transform = Transform( -0.762323, -0.647196, -8.04094e-07, 0.52914, -0.623267, 0.575803, -0.372658, 0.438947, 0.817589, -0.176714, 1.48577, -0.135291 )
bone_name = "upper_arm.r"

[node name="Hitbox" parent="Graphics/Armature/Skeleton/ArmUR" instance=ExtResource( 2 )]

[node name="CollisionShape" type="CollisionShape" parent="Graphics/Armature/Skeleton/ArmUR/Hitbox"]
transform = Transform( 1, 0, 5.06639e-07, 1.49012e-08, -2.98023e-08, -0.999999, 0, 1, 0, 1.78814e-07, 0.181745, 3.57628e-07 )
shape = SubResource( 2 )

[node name="ArmLL" type="BoneAttachment" parent="Graphics/Armature/Skeleton" index="5"]
transform = Transform( -0.998522, 0.0543442, 6.6465e-07, -0.0332621, -0.611173, 0.790798, 0.0429756, 0.78963, 0.612077, 0.456291, 1.21653, 0.054326 )
bone_name = "lower_arm.l"

[node name="Hitbox" parent="Graphics/Armature/Skeleton/ArmLL" instance=ExtResource( 2 )]

[node name="CollisionShape" type="CollisionShape" parent="Graphics/Armature/Skeleton/ArmLL/Hitbox"]
transform = Transform( 1, -1.86265e-09, 5.1409e-07, 1.49012e-08, 0, -0.999999, 0, 1, 2.98023e-08, -0.0073396, 0.181745, 3.57628e-07 )
shape = SubResource( 3 )

[node name="ArmLR" type="BoneAttachment" parent="Graphics/Armature/Skeleton" index="6"]
transform = Transform( -0.998522, -0.0543442, -6.79123e-07, 0.0332622, -0.611173, 0.790798, -0.0429755, 0.78963, 0.612077, -0.456291, 1.21653, 0.0543261 )
bone_name = "lower_arm.r"

[node name="Hitbox" parent="Graphics/Armature/Skeleton/ArmLR" instance=ExtResource( 2 )]

[node name="CollisionShape" type="CollisionShape" parent="Graphics/Armature/Skeleton/ArmLR/Hitbox"]
transform = Transform( 1, -1.86265e-09, 5.1409e-07, 1.49012e-08, 0, -0.999999, 0, 1, 2.98023e-08, -0.0073396, 0.181745, 3.57628e-07 )
shape = SubResource( 3 )

[node name="Hip" type="BoneAttachment" parent="Graphics/Armature/Skeleton" index="7"]
transform = Transform( 1, 0, 0, 0, 1, 0, 0, 0, 1, 0, 0.915201, 0 )
bone_name = "hip"

[node name="Hitbox" parent="Graphics/Armature/Skeleton/Hip" instance=ExtResource( 2 )]

[node name="CollisionShape" type="CollisionShape" parent="Graphics/Armature/Skeleton/Hip/Hitbox"]
transform = Transform( 1, -1.86265e-09, 5.1409e-07, 1.49012e-08, 0, -0.999999, 0, 1, 2.98023e-08, -0.00733959, 0.0352979, 3.57628e-07 )
shape = SubResource( 6 )

[node name="Body" type="BoneAttachment" parent="Graphics/Armature/Skeleton" index="8"]
transform = Transform( 1, 0, 2.38418e-07, -8.6824e-08, 0.931334, 0.364166, -2.22047e-07, -0.364166, 0.931334, 0, 1.13977, 0 )
bone_name = "body"

[node name="Hitbox" parent="Graphics/Armature/Skeleton/Body" instance=ExtResource( 2 )]

[node name="CollisionShape" type="CollisionShape" parent="Graphics/Armature/Skeleton/Body/Hitbox"]
transform = Transform( 1, -1.86276e-09, 5.1409e-07, 1.49012e-08, 2.98023e-08, -1, -2.84217e-14, 1, 2.98023e-08, -0.0073396, 0.212811, 3.57628e-07 )
shape = SubResource( 7 )

[node name="Hitbox2" parent="Graphics/Armature/Skeleton/Body" instance=ExtResource( 2 )]
transform = Transform( 1, -2.13163e-14, -7.10543e-14, 0, 1, 0, 0, 0, 1, 0, 0, 0 )
weak_spot = true

[node name="CollisionShape2" type="CollisionShape" parent="Graphics/Armature/Skeleton/Body/Hitbox2"]
transform = Transform( 1, -1.8629e-09, 5.1409e-07, 1.49012e-08, 2.38419e-07, -1, -2.84217e-14, 1, 2.08616e-07, -0.0073396, 0.512077, 0.258265 )
shape = SubResource( 8 )

[node name="HealthManager" parent="." instance=ExtResource( 4 )]
max_health = 20

[node name="Character Mover" parent="." instance=ExtResource( 5 )]
move_accel = 2.0
max_speed = 10.0
ignore_rotation = true

[editable path="Graphics"]
